Some((
    red: 0.64705884,
    green: 0.53333336,
    blue: 0.43529412,
))