Some((
    red: 0.6862745,
    green: 0.1372549,
    blue: 0.1372549,
))