Some((
    red: 0.93188787,
    green: 0.31999123,
    blue: 0.31999123,
))