Some((
    red: 0.30980393,
    green: 0.2509804,
    blue: 0.20392157,
))