Some((
    red: 0.18144286,
    green: 0.12715237,
    blue: 0.13921693,
    alpha: 1.0,
))