Some((
    red: 0.08627451,
    green: 0.07450981,
    blue: 0.06666667,
    alpha: 1.0,
))