Some((
    red: 0.05490196,
    green: 0.019607846,
    blue: 0.027450986,
    alpha: 1.0,
))