Some((
    red: 0.13189775,
    green: 0.039878905,
    blue: 0.060327545,
    alpha: 1.0,
))