Some((
    red: 0.08979428,
    green: 0.03986556,
    blue: 0.05096084,
    alpha: 1.0,
))