Some((
    red: 0.22861451,
    green: 0.11623958,
    blue: 0.1412118,
    alpha: 1.0,
))