Some((
    red: 0.5266515,
    green: 0.0932405,
    blue: 0.0932405,
))