Some((
    red: 0.45829213,
    green: 0.19101164,
    blue: 0.19101164,
))