Some((
    red: 0.3915645,
    green: 0.21064259,
    blue: 0.21064259,
))