Some((
    red: 0.27455002,
    green: 0.27455002,
    blue: 0.27455002,
))