Some((
    red: 0.37465388,
    green: 0.24938656,
    blue: 0.24938656,
))