Some((
    red: 0.38268888,
    green: 0.27105623,
    blue: 0.27105623,
))