Some((
    red: 0.3372549,
    green: 0.10196078,
    blue: 0.16470593,
    alpha: 1.0,
))