Some((
    red: 0.79329014,
    green: 0.41270003,
    blue: 0.41270003,
    alpha: 1.0,
))