Some((
    red: 0.9075942,
    green: 0.9075942,
    blue: 0.90759414,
))