Some((
    red: 0.64184034,
    green: 0.69805676,
    blue: 0.64184034,
))