Some((
    red: 0.8899822,
    green: 0.8899822,
    blue: 0.8899822,
))