Some((
    red: 0.7888941,
    green: 1.0,
    blue: 0.7888941,
))