Some((
    red: 0.3679944,
    green: 0.53650045,
    blue: 0.68176425,
))