Some((
    red: 0.25013617,
    green: 0.42277318,
    blue: 0.5715981,
))