Some((
    red: 0.62352943,
    green: 0.6039216,
    blue: 0.47843137,
))