Some((
    red: 0.2784314,
    green: 0.23529412,
    blue: 0.19607843,
))