Some((
    red: 0.26666668,
    green: 0.20392157,
    blue: 0.2,
))