Some((
    red: 0.50980395,
    green: 0.5137255,
    blue: 0.6039216,
))