Some((
    red: 0.19278497,
    green: 0.47479632,
    blue: 0.71790946,
))