Some((
    red: 0.10605577,
    green: 0.24869639,
    blue: 0.37166238,
))