Some((
    red: 0.23529412,
    green: 0.34509805,
    blue: 0.3254902,
))