Some((
    red: 0.948304,
    green: 0.24362242,
    blue: 0.4002184,
    alpha: 1.0,
))