Some((
    red: 0.9490196,
    green: 0.92941177,
    blue: 0.9137255,
))