Some((
    red: 1.0,
    green: 0.6659116,
    blue: 0.627908,
    alpha: 1.0,
))