Some((
    red: 0.77225715,
    green: 0.7015384,
    blue: 0.64614195,
    alpha: 1.0,
))