Some((
    red: 1.0,
    green: 0.5140421,
    blue: 0.47034544,
    alpha: 1.0,
))