Some((
    red: 1.0,
    green: 0.46499145,
    blue: 0.42249638,
    alpha: 1.0,
))