Some((
    red: 1.0,
    green: 0.5820714,
    blue: 0.5394048,
    alpha: 1.0,
))