Some((
    red: 1.0,
    green: 0.6859925,
    blue: 0.64954746,
    alpha: 1.0,
))