Some((
    red: 0.95628864,
    green: 0.40169692,
    blue: 0.3635423,
    alpha: 1.0,
))