Some((
    red: 1.0,
    green: 0.48996836,
    blue: 0.44663602,
    alpha: 1.0,
))