Some((
    red: 0.5372549,
    green: 0.50980395,
    blue: 0.4862745,
))