Some((
    red: 0.7913617,
    green: 0.7913619,
    blue: 0.7913613,
))