Some((
    red: 0.2819889,
    green: 0.4848531,
    blue: 0.6597359,
))