Some((
    red: 0.1936005,
    green: 0.4525362,
    blue: 0.6757565,
))