Some((
    red: 0.2901961,
    green: 0.35686275,
    blue: 0.41960785,
))