Some((
    red: 0.14910418,
    green: 0.3036648,
    blue: 0.43690664,
))