Some((
    red: 0.6708119,
    green: 0.26440775,
    blue: 0.26440775,
))