Some((
    red: 0.5803922,
    green: 0.12549019,
    blue: 0.2352941,
))