Some((
    red: 0.32123482,
    green: 0.6857569,
    blue: 1.0,
))