Some((
    red: 0.2367999,
    green: 0.45904624,
    blue: 0.65063787,
))