Some((
    red: 0.15576047,
    green: 0.36386502,
    blue: 0.54326546,
))