Some((
    red: 0.20224118,
    green: 0.42283893,
    blue: 0.61300933,
))