Some((
    red: 0.32999396,
    green: 0.50427616,
    blue: 0.6545194,
))