Some((
    red: 0.23272732,
    green: 0.4651271,
    blue: 0.6654717,
))