Some((
    red: 0.8039216,
    green: 0.73333335,
    blue: 0.6784314,
))