Some((
    red: 0.5529412,
    green: 0.5137255,
    blue: 0.47843137,
))