Some((
    red: 0.43529412,
    green: 0.54901963,
    blue: 0.64705884,
))