Some((
    red: 0.2061556,
    green: 0.427997,
    blue: 0.6192395,
))